/*--------------------------------*- C++ -*----------------------------------*\
| =========                 |                                                 |
| \\      /  F ield         | OpenFOAM: The Open Source CFD Toolbox           |
|  \\    /   O peration     | Version:  v1606+                                |
|   \\  /    A nd           | Web:      www.OpenFOAM.com                      |
|    \\/     M anipulation  |                                                 |
\*---------------------------------------------------------------------------*/
FoamFile
{
    version     2.0;
    format      ascii;
    class       labelList;
    note        "nPoints:6612  nCells:3205  nFaces:12920  nInternalFaces:6310";
    location    "constant/solid/polyMesh";
    object      neighbour;
}
// * * * * * * * * * * * * * * * * * * * * * * * * * * * * * * * * * * * * * //


6310
(
334
471
958
2788
470
729
1378
2945
296
730
1989
2699
1019
1744
2115
2771
671
2116
2408
2770
54
405
601
2267
115
1704
1900
2117
517
1249
2279
2697
852
877
2640
3051
486
864
1536
2651
1359
1958
2916
3013
413
1491
1557
3160
420
797
1160
1350
260
421
1159
1352
500
1158
1351
1820
1287
1326
1876
2524
49
629
1116
2594
388
1438
1537
1986
389
519
1440
1987
251
1802
2495
2703
39
2107
2478
2573
847
1892
2733
3050
48
211
551
879
877
882
2640
2731
881
903
2141
2732
114
2088
2190
2413
819
1086
2020
818
1000
2021
821
1085
2023
817
1177
2024
814
1001
2022
816
1176
2025
820
996
2026
815
1178
2027
1431
1901
2969
3141
1755
1787
3202
1752
1963
3201
579
727
853
2004
245
1502
2610
2702
385
1092
2140
1488
1873
2818
2953
374
483
1373
2780
840
958
1507
2641
231
292
372
1634
797
1266
1350
1863
383
686
931
988
211
879
1200
2613
206
604
1032
1078
175
213
2168
839
2392
3116
1514
2957
3149
3153
195
498
1509
1882
499
695
1367
2981
1229
1238
2103
2672
1424
1918
1926
1812
2284
2465
2942
115
1291
1900
2488
1293
2487
2749
3029
101
1292
2229
2486
119
162
1084
1934
897
1453
2447
3016
514
1040
1896
2959
1465
1833
1978
1992
134
1590
2391
2744
135
1415
2243
2389
771
1589
2388
2741
853
1691
2287
2390
219
613
726
2043
98
649
1027
1300
288
340
1324
1341
289
1067
1323
1342
261
279
908
1917
278
800
907
1813
136
306
470
1363
653
2003
2278
3144
1460
1819
1841
2903
108
240
620
2000
799
1808
2400
2781
491
560
1152
2805
617
1104
2281
2718
263
395
650
1134
201
1217
2072
2857
301
465
2650
2896
368
487
2067
2164
864
1360
1849
2651
1068
1322
2885
3061
826
2018
2302
2993
486
508
1247
3142
394
905
2684
3066
240
1928
2000
2753
1909
2054
2228
2693
616
661
2680
3031
563
1610
1938
2453
564
1069
1609
2066
371
1429
2391
3034
1428
1494
2388
3035
341
541
1315
1321
542
1067
1314
1323
547
1984
2666
198
217
325
766
324
778
861
2644
715
1242
2431
233
287
673
906
402
425
506
1756
1781
1821
1903
3101
141
2701
2728
2889
128
2727
2812
2890
833
2008
2359
2565
288
1324
2726
619
1321
2420
2727
141
289
1323
2728
142
565
1322
2894
1214
1810
2601
2619
310
369
647
1087
120
1473
3147
307
449
140
870
994
1037
392
1872
1980
2375
121
1580
1658
2244
685
1444
2232
726
2088
3113
1056
1336
1713
200
1063
2871
2901
523
1271
1410
2062
194
543
2298
2476
493
2523
2847
3111
499
2257
2264
2729
498
2265
2342
2725
619
1094
2506
1041
1637
1895
2187
250
764
1092
2107
511
1985
2634
2666
708
2390
2630
2996
293
597
1798
2135
529
1689
2915
693
2817
2914
399
1814
2483
307
480
1603
1851
1701
2031
2539
2904
158
233
318
906
231
372
604
330
2418
329
501
2417
1355
1361
1611
2840
576
1343
1401
3015
1344
1410
2324
2887
931
1723
2870
2908
786
1110
1456
2069
200
1748
1942
2188
1306
1374
1760
2636
1307
1375
1759
3183
690
771
1094
1757
1502
2480
2610
2701
275
646
1441
2669
1648
2846
3006
3046
1140
1649
2845
3045
445
721
732
1895
1155
1328
1462
2237
594
1129
1743
519
1440
2884
3085
376
609
1729
2200
995
1466
1977
2167
1183
2232
2662
340
561
1789
2327
1282
1824
2424
2458
219
698
2043
3032
1405
1516
2055
684
1517
2057
702
1957
2709
3081
703
940
2708
3082
1903
1968
3101
3155
330
1331
1885
2418
329
1256
1886
2417
393
1402
1954
2101
1253
1873
2478
2668
291
1096
2002
1317
1670
2606
3033
1316
1671
2605
3122
508
822
3142
3143
598
1055
2226
2270
235
244
915
2740
527
1076
2507
2626
733
892
1124
1816
1244
1353
1615
2096
1908
2674
2802
3110
557
884
948
1564
441
794
798
2660
339
1984
2256
2850
190
1617
2093
3118
269
1273
1401
1971
2132
2842
3022
193
265
997
1867
2383
2587
2690
2975
364
990
1912
2412
2635
2652
1062
2170
2980
1116
1249
1379
3060
364
713
2380
3063
1915
2381
3064
1815
2239
2475
2476
1748
1902
1201
2455
3187
526
587
702
1957
217
325
969
1484
216
326
998
1864
324
861
968
1485
1191
1784
2415
632
926
1500
1589
627
1415
1499
2243
626
925
1498
1590
1844
2122
2654
3169
1385
2168
275
332
646
2373
551
792
1674
1883
2041
2193
2264
1884
2076
2192
3072
326
665
967
969
1915
838
2104
2415
2870
916
2471
665
2591
2793
3050
575
1731
1993
2054
651
659
719
2859
596
1026
1130
1252
436
475
1744
2115
1459
1487
1549
1768
803
1079
2386
2455
1097
1383
1890
2155
1455
2334
2919
3177
422
1769
1770
2504
435
712
1459
1768
994
1634
472
825
2723
3166
793
1673
335
834
1380
1381
363
2542
2609
417
910
1382
1783
467
736
749
1991
469
563
735
1925
468
564
734
1924
1080
2319
725
952
994
1319
358
622
792
1674
359
793
1673
2601
363
580
676
581
675
2907
1218
1229
1908
3110
551
595
879
2824
963
1291
2378
3135
965
1292
2379
3134
964
1293
2377
772
2832
2838
754
896
2355
753
859
2353
396
1249
2279
2428
973
1782
2621
2970
377
944
1727
2185
294
1715
2429
2762
491
1144
1152
1714
1489
2464
2628
2677
796
2245
3044
2346
2614
2649
1359
1536
2574
2916
410
451
1479
499
2546
2729
2928
364
497
761
660
1042
2163
2971
1880
2344
2596
2816
554
1065
2343
2555
625
1016
1971
455
607
3112
3121
456
2523
3111
3122
524
2305
2854
2979
556
785
1198
1838
476
1248
1369
2477
780
2197
915
2482
2740
2836
498
1882
1943
2194
405
1813
1918
556
1741
2614
286
494
2284
2465
1074
1686
1860
1075
1685
1859
1072
1687
1862
1073
1688
1861
805
1030
1490
2189
493
1386
2959
793
2505
3100
1344
2419
1343
2418
578
732
1154
2258
1457
2504
2526
880
2513
3196
370
418
705
315
895
1035
1129
1151
1560
1743
725
952
2119
516
606
957
1831
323
515
607
956
450
615
700
2799
553
2137
2549
2550
546
863
2403
1243
1655
2554
1653
2552
2938
554
1654
2555
555
1656
2553
1874
2215
2296
963
1291
510
834
835
1380
2101
2159
2466
2930
435
1768
2252
1293
2377
2487
2975
1291
2378
2488
2974
1510
1707
2724
2950
498
1509
2725
2949
502
739
2429
544
1088
1300
2255
551
595
1674
2177
594
1673
2178
596
1026
2179
3106
648
2422
2630
2837
2004
2018
2993
3120
1514
2070
2499
2547
479
2137
2522
778
1250
766
1251
384
2466
1509
1556
2358
2949
356
1510
1555
2950
2320
2891
2318
2889
1294
1740
2593
2613
1891
2196
2303
799
891
2550
2767
840
958
2200
465
2402
2403
867
1610
2276
2776
866
1609
2059
2775
804
1355
1431
1611
2094
2875
2977
1801
2062
346
1185
2326
427
1761
2345
2815
538
750
1090
3079
1116
1379
1874
2594
350
1009
2050
2392
567
1321
2096
2507
2545
2626
2772
1764
1772
2236
2715
833
1089
2359
2438
391
1724
2143
950
959
1265
1469
949
1266
1467
2658
948
1267
1468
2655
439
1330
1657
2457
414
1662
1871
2358
1239
2825
2906
444
781
2475
2500
1216
1481
2329
1214
1480
2330
451
1215
1479
2331
420
1916
2323
3043
421
1913
1976
2322
1956
2440
761
1420
2068
2094
2384
1753
1785
1827
1947
1754
1786
1826
1946
545
1607
2393
435
1014
1980
532
1531
1558
1333
1495
1720
860
880
650
1088
1134
2456
489
1386
2780
782
1253
2668
2906
458
828
2661
829
1122
2183
599
723
1684
3025
569
1203
1277
2712
416
646
1635
2373
1809
2543
2612
2968
404
615
2799
2943
784
1173
2948
513
1864
2159
1253
2199
2478
467
783
868
1991
1579
1748
1942
1990
769
1115
2835
768
1647
2833
1179
1361
1706
2840
1974
2722
3016
930
1038
1087
2100
2608
2647
722
1119
2385
451
1041
1407
397
1679
2095
2095
2428
2806
919
1031
1149
2019
484
1395
2682
1408
1464
2173
2599
423
640
822
1279
638
835
1280
746
1844
2174
2452
744
1789
1845
2628
2677
579
853
2182
2273
1839
1960
2503
2935
1840
2502
2541
2918
881
981
1972
2425
1025
1134
1746
1091
1320
1815
2239
604
1037
1078
2485
1010
2001
2440
1556
2033
2426
588
703
940
2195
471
2604
2627
487
2393
2394
482
1558
1798
955
2642
2884
3023
1160
1571
1159
3044
2526
2548
3092
531
1024
2179
1996
2065
2178
2527
663
2177
2498
664
878
1995
2180
740
1312
2430
806
1127
1306
1760
807
1307
1418
1759
590
2584
2985
3156
592
2585
2986
3107
591
2583
2983
3109
589
2586
2984
3114
1058
2100
2124
2351
1048
2138
2943
2983
2898
2954
3115
3170
612
1053
2227
2571
2034
2427
2716
1234
1506
1693
1804
798
2782
2933
799
891
2522
2781
1173
2003
2948
3144
1815
2472
2760
827
1154
1817
740
874
1030
2430
687
1017
1318
2404
504
582
1047
1940
1704
1771
1851
1425
1807
2768
3148
777
919
1369
3140
522
1578
1808
2181
702
2384
2709
3125
667
1210
1356
1212
1316
1357
1010
1491
1832
2347
1150
2200
2734
1071
1437
1492
3001
1043
1070
1220
3129
1219
1435
2223
3000
1218
1436
2218
3002
882
982
2443
2731
699
983
1797
2861
834
2896
492
714
1409
1681
1733
2866
1189
1734
1924
1190
1732
1925
1814
2215
473
648
1870
2042
2888
958
1953
2604
980
2513
3138
3196
2401
2799
2943
531
1246
1474
810
2064
2490
2629
1007
1678
2133
2653
515
658
914
514
657
1896
755
842
1320
2190
1548
2145
2863
1554
2347
3117
1124
1354
2682
654
1420
2068
2282
951
2328
910
2067
1997
2007
2565
2652
1284
1554
2484
1061
1422
2676
2743
813
1182
1301
1783
2307
494
621
787
2730
671
2116
3045
3107
1019
2115
2568
2882
697
1867
2145
1883
1158
1419
1680
2836
2891
2894
2344
2643
2785
1939
3019
3138
3195
1014
1872
1980
516
960
1146
1831
1241
1269
1280
1439
1538
2818
2873
1408
2691
1409
1681
2249
2692
1518
2250
2704
1416
2350
2666
632
655
1500
2560
1125
1268
2947
1212
1603
1210
1602
1358
1604
781
2279
2472
1992
2422
2627
2786
1188
1647
770
1114
1649
2873
542
573
1314
1979
541
1315
1503
1015
2062
2327
1445
1642
2736
700
1801
1830
2939
2263
2739
2789
2266
2294
3011
693
1588
2482
2778
692
1590
1952
583
1619
3076
3113
1279
2477
705
973
2126
704
974
2124
2351
536
707
1791
2129
537
706
1792
2128
571
2131
2631
570
2130
2632
548
1620
2698
583
1046
2446
3180
725
930
1038
1138
1185
1578
1133
1504
2359
2438
2635
765
775
1443
887
1328
1607
869
888
1605
1300
1984
2255
1620
2724
3072
780
2197
2721
3167
1048
1800
1940
3100
657
1491
1799
1832
658
1490
1764
624
2751
625
1016
2752
776
1838
1189
1468
1564
868
921
949
1467
920
950
1190
1469
572
760
1682
615
700
1801
710
1125
1268
2136
1702
3158
1703
3159
566
1394
2417
1068
1322
2234
1993
2248
2420
661
2328
2667
3055
1180
1364
3024
706
1304
2205
707
1305
2208
600
724
1682
904
1414
1504
1001
1227
1618
1969
859
889
1515
858
1516
2459
684
1303
1517
2460
1106
1430
2295
1406
2795
915
1111
2989
937
1502
2990
1501
1872
1888
1619
3127
788
831
1725
2876
791
830
1726
2877
685
1145
1151
3003
971
1498
2789
972
1499
2790
1225
2090
3010
1587
2567
3005
2091
2568
3008
1472
2089
2566
664
1194
1935
2180
1934
2065
663
1936
662
1937
697
2204
2569
761
2380
3048
1368
2436
2442
2428
2805
2806
1698
2267
2787
1196
1601
2755
2885
932
1020
1422
2268
860
759
1378
2945
3188
955
1211
3023
954
1210
944
976
1288
2185
680
683
945
679
946
975
1289
634
681
831
943
766
2381
3051
2306
2446
3127
1201
2499
2958
3187
1789
966
1959
2667
1224
1960
2006
955
1019
2642
2960
2420
3083
1080
1887
2419
1040
2523
2959
1175
1216
2600
800
907
933
1630
1065
1196
1613
1132
1133
654
1567
2282
653
1623
2003
765
774
1443
1763
839
1414
3018
674
1149
2019
2761
1997
2412
2652
3188
1424
2156
679
975
2186
2658
977
2184
2655
1004
1645
1846
2405
1005
1621
1847
2406
779
1769
1770
2411
663
1518
2172
664
714
1409
2171
662
1408
2173
852
2322
2381
3064
851
2323
2380
3063
1169
1235
1583
1803
1236
1335
1581
1805
1168
1237
1582
1806
1441
1147
1456
2069
2627
2788
742
1416
2666
731
1407
1990
2154
2905
1053
1389
1460
2030
972
1499
971
1498
865
2156
3022
750
1003
1170
2800
1373
1851
1988
2137
917
2154
2229
704
974
2209
1325
1606
2173
2179
2172
2171
2466
2520
729
1197
2945
3146
1488
2573
3121
1155
1390
1991
2237
703
2278
2708
2820
905
2684
2821
2842
894
2720
786
827
1110
1817
1800
2277
3100
1149
1715
2832
897
1009
1981
1010
1982
2440
1092
1580
1658
2719
1325
1606
1849
2059
830
946
945
1365
2102
943
977
1290
912
1102
1181
2433
840
1365
2200
1128
2356
1084
3003
838
941
1338
1217
2072
2437
1670
2170
2606
2952
1671
2169
2605
2951
2481
2589
2890
1018
1446
2481
2589
1513
2480
2779
1415
1951
1647
1777
2016
2759
924
1330
1949
890
1157
1434
1745
936
1798
752
2471
2797
883
1892
2733
1425
1813
2592
2650
2896
971
972
710
2136
1782
2135
1238
2103
1781
1821
1690
1822
2045
1683
1969
2674
3086
2351
2647
752
1302
1998
2794
1048
2505
3100
1912
1916
3063
878
1301
1246
1664
2229
1683
2672
2674
3110
736
749
2009
2165
767
1145
1701
2539
1664
2229
2859
1601
2484
2755
2988
803
2386
3186
905
922
2494
1059
2315
2612
2279
2428
2472
930
916
3127
1406
2703
3120
733
1124
1337
2497
1814
3080
952
980
2513
2258
2295
2456
741
2258
2099
2251
1734
2764
3159
1732
2765
3158
1733
2766
1183
2065
2087
2662
912
1060
1066
2238
1029
1880
2344
1881
2345
1041
1407
1895
1027
1297
2808
1656
2152
2752
2922
1655
2576
2937
1654
2153
2578
2751
1653
2577
2938
1112
1409
1451
2171
2317
2611
2710
2978
1390
2078
1620
1967
1058
2521
2678
3124
3032
3137
1515
2056
1910
2058
811
2032
2313
1652
2146
2333
3010
1777
2016
2148
3008
1650
2015
2149
3005
2475
2500
3188
842
1091
1182
2270
965
1358
1604
2559
963
1357
1603
2558
964
1356
1602
2255
2946
2571
1120
2191
3087
1865
2759
3098
1866
2758
3099
2369
2757
3097
1692
2589
1413
2703
2831
1193
1297
1487
1549
1334
2796
2946
1025
1088
1194
785
1857
2614
1371
2118
3140
1302
1998
1393
2637
2926
808
2669
2500
2697
1510
1707
1950
1462
2237
2777
988
1856
2615
1334
2796
1186
1632
2284
3046
3156
898
943
2365
900
945
1729
2366
901
944
1727
2368
899
946
2367
1096
2600
1566
1579
2053
2933
1275
1351
1576
1820
1274
1352
1577
1276
1571
1807
2768
812
1918
2688
886
1631
1917
2689
1141
1623
2283
2416
1637
1895
1064
1119
3066
1470
1901
3141
1093
1677
3081
1153
1669
3082
1870
3166
3167
1294
1698
1740
3027
1287
2389
2998
842
1223
2312
1503
1808
2767
1223
1714
2467
1001
3197
1003
3198
999
3200
1002
3199
1000
3201
998
2493
996
2492
997
3202
1408
1721
844
1050
1121
2184
843
1051
1123
2186
2114
2794
2797
1020
1384
3123
2966
3186
1383
1417
2931
1878
2228
2932
2186
2877
2184
2876
1037
1751
1869
2485
1012
2545
2250
1518
1667
1007
1118
1404
1678
919
2019
2611
2710
931
2590
904
3116
1365
932
2052
2332
2929
1182
1033
2773
2877
1034
2774
2876
1204
1347
1627
2624
1346
1628
2625
3093
849
2011
2694
851
2009
2165
2732
2014
2733
3038
852
2010
2640
3039
2012
3049
2013
2287
1044
2082
2221
1436
2080
2218
1435
2086
2223
1045
2084
2222
1401
1405
2354
1353
1615
1032
1213
968
1528
1455
1983
2293
3177
1605
1850
2650
1606
2328
2132
2267
2787
1022
1189
1924
1021
1190
1925
1023
2866
1224
1622
3030
1037
1319
1869
1917
1927
2689
2745
1918
1926
2688
2742
913
1999
2431
3096
1232
2550
2767
883
1892
2029
2225
2028
2141
2226
2855
2030
2227
2133
2210
2824
1213
3174
981
2855
982
2924
983
2856
1286
1326
1876
962
1563
1766
1875
908
2450
2777
1329
2005
2393
1224
2006
2403
1353
1993
2248
1138
1319
1869
2137
2522
1197
1816
2682
1445
1642
2641
2973
954
2720
2961
1035
1296
2785
1616
1910
2324
2143
2907
1209
2360
2365
1208
2361
2367
1206
2362
2366
1207
2363
2368
941
1130
1338
2599
2141
2732
3049
1979
2991
2560
1743
2277
1850
2650
1848
2649
1150
1822
2045
2734
1681
2249
1320
2190
2239
2413
1060
1137
1242
1281
1705
927
1602
1988
2836
3011
3147
960
965
1292
1115
1650
1835
2015
2118
1021
1563
2109
1023
1565
2110
1500
2560
2843
1062
1871
2170
2176
2169
2175
2414
1567
1927
2744
1424
1926
2741
964
1293
3029
1137
1148
2874
2955
1339
1518
2172
2561
2119
2948
1061
2421
1850
2448
2776
1360
1849
2449
2775
1829
1881
2345
2597
1594
1867
2569
1314
1979
2595
1479
1995
2213
2331
1480
1996
2212
2330
1669
2542
988
1762
1473
2108
2253
2897
1209
1207
1206
1208
1679
2095
2357
3114
1100
1286
961
1565
962
1563
3040
3055
3142
1634
1396
2382
2444
2902
956
1505
957
2522
2961
2933
2960
962
1122
2657
1604
2154
1099
1565
1877
1285
1603
1602
1604
2502
2541
3031
998
1914
1944
1000
1257
996
1945
1335
1448
1853
1858
1420
2278
2125
2685
2127
2686
1582
2659
1274
1583
2657
1581
2656
1691
1722
2273
2319
1983
2099
2251
3177
1989
1994
1231
1497
1400
1661
1399
1668
1028
1942
2053
2570
1411
1710
2603
2774
1412
1712
2602
2773
1711
1731
1878
1879
1856
1147
1240
1255
1456
997
1825
3202
1730
2366
3165
1728
2368
3164
2281
2718
2974
3004
1319
1202
1308
1700
1484
1085
1086
1172
1176
2803
1485
2802
1171
1177
2917
1170
1178
1034
2525
3070
1033
2531
3071
1007
1118
1301
2307
2210
1108
1418
2543
2968
2143
2622
2623
1088
1300
1427
2456
1057
1824
2008
1473
2108
2298
2413
1048
1940
1243
1271
2554
1273
2553
2370
2607
2804
1761
2815
2843
2642
2018
2421
2448
2776
2111
2449
2775
2450
2777
1561
1747
2477
1134
2180
1213
3174
1427
1430
1029
2188
3172
2429
2570
2549
3173
1199
2269
2683
1252
1784
1051
2406
1050
2405
1413
2831
1313
1318
1457
1697
1147
1240
1117
1245
1900
2488
1212
2523
3057
1544
2219
2971
1541
2217
2621
1143
1304
1545
1142
1305
1540
1619
2917
3180
1345
1800
1940
2617
2678
2803
3124
1749
3070
1750
3071
1478
2340
2923
1646
2227
1221
2029
2225
2579
1548
2028
2226
1387
2544
3091
1282
2545
2772
1195
2678
1375
1684
1759
1374
1760
2121
2528
1871
2358
1902
2761
2978
1431
1901
2441
1068
2852
1181
1396
2202
1133
1971
1196
1703
2074
2851
1898
2217
2216
2364
1965
3200
1962
3199
1961
3198
1964
3197
2114
2721
3167
1135
2430
2441
3173
1191
1461
1637
2437
2671
1083
2224
2342
2521
2581
3124
1389
1460
1819
2928
1097
1109
1887
1129
1151
1594
1867
1595
1864
1147
1980
2108
2253
2545
1531
1967
2822
1320
1682
2377
1101
1127
2447
2123
2890
1493
1909
2123
3131
2112
2504
2661
3130
1215
1362
2962
3024
1123
2186
2658
1121
2184
2655
2638
2648
3139
1137
1214
2955
1136
1216
2956
3025
1839
1960
2349
1295
1840
2541
2819
1154
1186
1270
1740
1966
2254
3027
1153
1557
3150
1496
2224
3130
2966
3192
1837
2646
3061
1763
1857
2692
1635
1742
1978
2373
1834
2017
2757
1648
2758
3018
1241
1900
2117
2487
2749
1135
2441
1145
2302
3003
1286
1749
1285
2185
1750
1877
2444
2159
2647
1465
1742
1978
2462
2238
3139
1303
1614
2234
1934
1937
2645
1277
1361
1611
2712
1133
2451
2752
1312
2385
1372
1375
1684
1374
1240
1745
1958
2490
2687
3013
1472
2017
2566
2687
3013
3053
1717
2222
2631
1716
2221
2632
1550
1652
2538
2540
1579
1990
2154
1374
2634
2636
2683
2788
2837
2540
1652
2333
1418
2337
1817
1156
2967
1390
1562
2925
1751
1869
2964
2011
2764
2013
2765
2012
2766
1218
1526
2218
1219
1523
2223
1524
2222
2829
1520
2221
2826
1521
1569
1897
1522
1568
1899
1486
1643
1646
3028
1855
2247
2735
1854
2245
2737
1258
3074
1259
2917
3077
1226
1511
3075
2283
2501
1299
1465
2121
2518
2711
2763
2956
1591
2803
1593
2211
1592
2800
1362
2791
2962
2201
2331
2434
2063
2433
1223
2293
2387
2717
2962
3057
3148
1578
2174
1817
1975
1372
1375
1659
2839
2016
3007
3085
2864
2865
1192
2844
1461
1941
2410
1416
2350
2987
1443
1935
1402
1699
2521
1613
2314
3080
2068
2282
2796
1202
1308
2118
1694
2105
2473
2857
3020
1371
2118
1364
2409
2519
1662
1840
2918
1657
1839
2625
2935
2102
2362
1288
2363
1289
2361
1290
2360
1356
1317
1358
3033
1357
1252
2433
2434
3148
2436
2437
2455
2207
2073
2206
1898
2204
2569
1836
1954
2272
1955
2028
2271
2696
2312
1608
2095
3009
3114
1965
2300
3200
1964
2299
3197
1888
2039
2166
2167
2207
3110
1231
1562
2544
3090
2309
2425
1503
1881
2767
1425
1880
2570
2768
1599
1804
2102
1288
1600
1803
1290
1597
1805
1289
1598
1806
1792
2673
1555
1708
2035
3191
1245
1280
1246
1281
2327
2937
1272
2326
2938
1278
2399
1279
1536
2574
2691
1474
2317
2611
1695
1998
2813
2867
1486
2814
2868
2645
2198
1464
1856
2574
2691
3149
3153
3191
1645
2233
2320
1528
1963
3201
1529
1961
3198
1530
1962
3199
1488
1873
2478
2573
1450
1755
1929
1449
1753
1931
1447
1752
1932
1448
1754
1930
1274
1577
2657
1276
2659
1275
1576
2656
2203
3058
1756
2117
2872
1432
1975
2808
1532
1616
1533
1615
2552
1534
2354
2245
2246
2656
2247
2659
1611
2519
1280
1667
2598
1281
1721
2196
2303
1823
1875
2183
3131
1433
1454
2755
1875
2183
1876
2629
2965
1583
1582
1581
2486
2134
2561
1347
2262
2664
1406
1413
2795
1416
1483
1633
1890
2155
2887
2052
2445
2700
2210
2644
2723
1394
3014
2160
2632
2161
2631
2823
3081
2754
3082
2325
2588
1475
2152
2339
2922
1476
2338
2576
2921
1477
2341
2577
2920
1761
2385
1385
2002
2168
2941
1829
2940
2395
2605
2311
2398
2072
2804
2940
2663
2941
1801
2939
2066
2680
1767
2629
1824
2424
2618
2963
1329
2967
1336
1713
1367
2414
1621
2288
2318
1428
1494
1823
1875
1429
1720
1877
1763
1857
1680
2246
2544
2967
2202
2212
2444
2590
2645
1936
2561
2593
1421
1560
2031
2277
1344
1410
2062
1343
1401
1971
1894
2886
1421
1501
2976
1839
2261
2349
1840
3094
1485
1575
1907
2867
1484
1572
1905
2868
1733
2766
1734
2764
1732
2765
2248
1395
2382
2444
2675
3066
2107
2395
2311
1360
2651
1958
1362
2712
1724
2296
2483
1403
2201
1507
1403
1678
2201
2653
2457
2546
1426
2329
2498
2611
3126
1790
2334
2919
3052
1466
2435
2956
3084
1832
1896
2041
2193
2286
2911
1943
2194
2285
2910
1868
2215
2301
2697
1667
3012
2281
2402
3012
2280
2394
2587
2155
2661
1444
2421
3123
1694
2804
2465
2484
1658
1739
2140
1501
1888
2039
2904
2144
2274
2078
1659
2040
2371
2810
1706
2060
2372
2809
1461
2410
2411
1893
2234
1973
2483
2202
2512
1400
1675
2503
2934
1399
1676
2502
2936
2074
2231
2230
2443
1836
2100
1636
2409
1636
2236
2749
2354
1413
2258
1616
1517
2259
2460
1516
2260
2459
2046
2316
1588
1718
1842
2155
2315
1858
1911
2321
2384
1800
2277
1423
2268
2004
2287
2743
2156
1830
1756
2442
2872
2295
2456
1766
2784
1765
2783
2295
2808
2519
1483
1975
3088
1837
2755
2885
1514
1745
2070
1539
2879
1542
2880
1546
2216
2881
1648
2846
3194
1649
2845
3193
1670
3033
1442
2604
1953
2142
2669
1451
1570
2929
2142
2854
1500
1589
2843
1788
1852
2736
1786
1853
1785
1854
2737
1696
1855
2735
1763
1935
1460
1646
1841
3028
1677
2263
2907
1554
1837
2992
2044
3036
3192
2002
2526
2352
3021
3041
3137
2113
2505
2485
1607
1848
1605
1850
2276
2776
1762
2691
2445
1994
3019
1863
2866
1576
2864
1577
2865
1490
1764
1772
1491
1771
1799
3160
1585
2147
3147
1664
2317
1922
3104
1919
3103
1921
3102
1920
3105
1746
1673
2178
1596
1674
2177
1561
1747
1939
3195
1487
2808
2868
2867
2571
2814
3088
1538
2134
2561
2704
2549
2203
2364
3058
1494
1757
1823
1692
1689
2288
2318
1690
1722
1822
2035
2157
2855
1513
1588
2976
2701
1829
2316
2451
2720
2895
3112
1507
2102
2973
2973
1701
1828
2039
2904
2358
2906
2581
2803
3124
1618
1969
2580
3086
1590
2789
3149
1711
1731
1712
1710
2044
2120
2982
3036
1905
2026
2025
2827
2027
2828
1906
2024
1907
2021
2020
2364
2748
1908
2022
1898
2023
2830
2241
2304
2076
2240
3074
2242
2313
3077
2126
2235
2355
2554
2353
2552
2354
2553
2343
2356
2555
2651
1671
3122
3194
3121
3193
1793
2086
2161
1793
2084
2161
1795
2081
2162
1794
2080
2160
1795
2085
2162
2912
1796
2083
2163
1794
2082
2160
1796
2079
2163
1719
1816
2314
2679
1955
2270
2113
2858
1714
1861
1639
1862
2536
1640
1860
2537
1641
1859
2535
3117
2035
2157
2033
2461
2337
3150
2235
2863
2713
2870
2908
3119
1743
1948
2477
3126
2425
2967
1766
1767
2111
1765
2113
2505
2601
1838
2282
2220
2685
2970
2219
2686
2971
2232
2332
2929
2247
3043
2130
2292
2826
2127
2291
2617
2827
2125
2290
2616
2828
2131
2289
2829
2864
2865
2452
1831
2244
2383
2246
2247
2245
2091
2148
3008
2089
2147
2090
2146
3010
1920
2092
2584
2790
2589
2025
2617
2827
2027
2616
2828
1906
2024
2801
2023
2830
2020
2748
2947
2177
2329
2498
2360
2509
2361
2508
2362
2511
2363
2510
1613
2151
1622
2328
2164
1960
2503
3030
1924
2059
1925
2276
1699
2342
2521
2892
2751
2343
2356
2852
2353
2355
1966
2557
2869
2299
3073
3077
3074
1885
2531
2276
2453
2243
3053
1921
2089
2585
1922
2090
2586
1919
2091
2583
2176
2397
3094
2175
2396
3093
1958
2064
2449
2490
2448
2688
2784
2450
2689
2783
1975
2069
3054
1718
1910
2324
2513
2627
2786
1678
2878
2927
2379
2431
2486
3096
2468
2759
3098
2469
2757
3097
2470
2758
3099
1693
1933
1792
2128
2814
1791
2129
2813
3021
1886
2525
2571
2016
2015
2017
1779
1835
1778
1834
2017
2147
2538
2920
2923
2921
2922
2414
2427
2140
2839
3084
1661
2144
2274
2716
2034
2924
2426
2624
2642
2882
2884
3085
2769
1712
2055
2529
1710
2057
2530
2598
2033
2461
2856
1956
2337
1987
1986
1679
2310
2357
3185
1938
2453
3030
2074
2851
3031
1957
2447
1695
1820
1858
1783
2760
1904
2903
3025
1964
2286
2470
1961
2240
2469
1965
2285
2468
1962
2242
2467
2391
2915
1691
2390
1722
1757
2388
1933
2973
2607
2804
3060
3185
1787
2633
2707
2072
2214
2857
2134
2677
1836
2272
1828
2167
2588
2191
1938
2862
3039
2861
3038
2106
2681
1721
1999
3040
2714
2791
1884
3068
2309
2825
3091
1718
1910
2058
2335
2057
2056
2336
2055
2005
2244
2467
2761
2831
2130
2632
2826
2131
2631
2829
1842
1818
2314
2848
1750
2474
3143
2224
2948
3042
3144
2050
2722
1736
2365
3162
1738
2367
3163
1728
2932
1737
2932
1730
2931
1735
2931
2693
2865
1863
2864
1842
2335
3165
2530
2603
3162
1879
2336
3164
2529
2602
3163
2199
2825
3091
2473
1838
1917
1927
1891
2458
2401
2771
3191
1995
2180
2179
3106
2905
1876
3070
3071
2411
3152
1788
1785
1786
1787
2498
2123
2077
2316
2451
3184
2315
2238
2494
1856
2599
1988
1877
2110
2109
2064
2629
3151
2439
3152
2112
2637
1799
2681
2665
3141
1796
2079
3203
1795
2081
3204
1795
2085
3204
1796
2083
3203
2148
2536
2147
2537
2149
2535
2306
2446
2738
3101
2206
2208
2135
3129
2587
2590
2645
2706
2705
1825
1963
2241
2937
2618
2963
2972
1821
2352
3028
2516
2517
2514
2515
2733
2861
3038
2145
1851
2993
3017
3120
1854
2510
1852
2511
1853
2509
1855
2508
2401
2799
2407
2442
2798
2872
2113
2601
2858
2116
2654
3108
3169
1843
3157
3168
2628
3080
2760
2251
2334
2454
2679
2257
2841
2246
2738
3130
3131
2913
1912
2633
1914
1944
2705
1915
1945
2706
2039
3176
1881
1880
2596
2933
2347
2423
2518
2756
2537
2757
2535
2758
1954
2989
1904
2673
2931
2153
2942
3168
2341
2577
2138
2338
2576
1886
2259
3014
1885
2260
3015
2164
2777
2775
1932
1933
1930
1931
1929
2575
2705
2470
2469
2467
2468
2866
2947
2036
2047
2833
2037
2048
2835
2301
2500
2697
2042
2639
2624
1889
2668
2296
2301
1879
2693
2932
2047
2980
2048
2981
2049
2724
1894
1893
1890
2419
1889
2098
2375
2886
2303
2373
3047
2417
3014
2418
3015
2780
2127
2686
2827
2830
2125
2685
2828
2189
2188
2762
2073
2206
2672
2903
2026
2826
2073
3155
2021
2829
2022
2562
3056
1914
2705
3065
2633
1915
2706
3064
2520
2633
2707
2583
2584
2585
2586
2007
2097
2913
3052
2742
2745
2273
2319
2753
2508
2509
2510
2511
2736
2662
2171
2172
2824
2173
2599
2443
2435
3126
2040
2371
2410
2053
2265
3078
1946
2493
1947
2492
2493
2492
2031
2539
2540
2169
2951
2981
2668
2953
3068
2482
2891
2914
2480
2889
2915
2604
2641
2579
2695
2863
2001
2542
2263
2348
2541
2819
2240
2242
2241
2286
2285
2093
2869
2290
2800
2446
2801
3180
2802
1993
2054
2420
3083
2165
2732
2925
1974
2382
2722
2638
2648
2706
2737
3044
1989
1994
2166
2786
2990
2622
2990
2991
2623
2989
2992
2087
2293
1985
2850
3161
2835
2951
2833
2952
2715
2098
2905
2237
2423
2786
3138
2496
2178
2497
2376
3145
3154
2463
3037
2726
2811
2337
2440
2168
2283
2268
2280
2394
2281
2402
2008
2376
2913
2012
2766
2013
2765
3158
2014
2321
2323
2322
2764
3159
3006
2268
2710
2792
2272
2856
2274
2924
2976
2088
3076
3113
2231
2230
2716
2309
2194
2910
3098
2193
2911
3099
2192
2369
2909
3097
2860
3084
2299
3073
2854
2979
2306
3041
2293
2387
2630
2837
2310
3018
3185
2194
3067
2193
3069
2192
2834
3068
2392
2594
2052
2332
2700
2982
2121
2660
3056
2336
2335
2066
2374
2747
2791
2068
2094
2796
2946
2202
2212
2330
2111
2662
2851
2346
2649
2252
2964
3092
2271
2696
2893
3079
3155
2861
2076
2192
2240
2909
3072
2139
2150
2954
2165
2925
2216
2515
2217
2514
2219
2517
2220
2516
2099
2527
2190
2149
3005
2132
3027
2256
2248
2326
2376
2454
2848
2166
2699
2527
2351
2579
2608
2205
2207
2371
2810
2844
2254
2372
2607
2117
2798
2872
2573
2438
2448
2784
2450
2783
2449
2504
2600
2266
3166
3109
3108
2375
2699
2387
2551
2982
2518
2181
2452
3062
2506
2127
2291
2126
2290
2130
2292
2131
2289
2787
2210
2496
2677
2204
2203
2209
2943
3171
2152
2339
3170
2199
3048
2639
2641
3016
2546
2928
2270
2538
2152
2451
2752
2153
2751
2988
2578
2267
2792
2900
2445
2618
2700
2972
2608
2880
2879
2621
2912
2881
2649
2167
2564
2563
2326
2938
2564
2625
2563
2624
2407
2452
2273
2572
2795
2562
2657
2717
2927
3057
3172
2441
3173
3026
3176
2542
2609
2790
2197
2772
3128
2199
2825
2906
2213
3001
3129
2880
3002
3000
3002
2879
3000
2881
3001
2801
2917
3180
2497
2496
2653
2526
2548
2883
2301
2912
2319
2930
3047
3048
3051
2562
2693
2427
2934
2426
2936
2551
2524
2525
2965
2852
2695
2822
2665
2750
2512
2476
2305
2312
3059
2280
2346
2692
2592
2704
2679
3054
3151
2294
2507
2473
2869
2256
2946
2275
2729
2405
2460
2406
2459
2378
3093
3135
2379
3094
3134
2702
2580
3073
2581
3078
2471
2797
2297
2325
2838
2792
2900
2899
2924
2580
2841
3086
2620
2383
2501
3157
2300
2299
2999
2474
2531
2813
2867
2616
2617
2678
2814
2868
2507
2897
2594
2495
3136
3175
2413
2438
3075
3078
2994
3123
2458
2305
2644
2979
2736
3041
2587
2690
2345
2597
2812
2815
3090
2898
3184
2398
2559
2313
3076
3146
2543
3184
2769
2915
2914
2965
2694
3065
3064
3063
2887
2588
3175
2937
2436
2433
2434
2551
2805
3009
2454
3165
3164
3103
3171
3104
3170
2578
3105
3168
3102
3169
2725
2852
2816
2575
2623
2463
2667
3037
2378
2718
2853
2874
2738
3021
2898
3115
2565
2748
2834
2873
2372
2374
2607
2844
2809
2404
2747
2699
2848
2719
2664
3049
3051
2902
2719
2875
2494
2455
3187
2551
2997
2817
3059
2999
2995
2622
2394
2396
2558
2564
3132
2398
2563
3133
2606
2432
2598
3004
2407
2408
2770
2782
2403
2437
2671
2774
2773
3062
2654
3062
2878
2969
2860
2485
2475
2476
2625
2590
2844
2501
2916
3013
2886
2929
2423
2944
3089
2458
2462
2925
2918
2935
3172
3173
2486
2488
2974
3004
3024
3019
3140
3025
2964
3092
3152
2612
2862
2462
2648
3030
3052
2546
2716
3015
3014
2856
2899
2618
3040
3055
2592
2628
2704
2479
2591
2910
2909
2911
3011
2760
2613
2531
3071
2484
2942
2988
2889
2812
2890
2891
2722
2690
2689
2745
2995
3034
2998
2688
2742
2997
3035
2843
2838
3017
2653
2527
2957
3020
2615
2936
2934
3056
3083
2902
3139
2515
2534
2534
2517
2533
2533
2528
2969
2793
3065
2525
3070
2676
2756
3163
3162
2665
2878
2969
3141
2759
2540
2612
3090
2548
3020
3092
2883
2550
2676
2743
2996
3089
2714
2807
2809
3132
3135
3133
3134
3022
3131
2606
2605
2635
3045
3107
3006
3046
3156
3007
3109
2830
2660
2643
2753
2785
2615
2614
2692
2921
2920
2923
2930
3073
3075
2596
2726
2811
2816
3103
3105
3102
3104
3176
2930
3047
2896
2613
2824
2701
2728
2941
2939
2727
2940
3012
2763
2773
2877
2774
2876
2647
2740
2778
2739
2779
2916
2800
2858
2955
2987
2820
3042
3119
3129
3116
3117
2721
3128
2944
2874
3161
2652
3179
3189
2763
2926
2902
3139
2669
2854
2731
2811
2816
2888
2663
2836
2894
3016
3062
2656
2659
2768
2734
2894
3061
2819
3096
2878
3055
2720
2845
2895
3045
2747
2927
2673
3028
2802
2684
2821
3181
2756
3177
2851
3031
2798
3160
3080
2832
2838
3066
2970
2971
2998
3053
2975
2793
3050
2696
2863
2822
2724
2893
3079
3178
2739
2907
3120
2735
3043
2754
3082
2823
3081
2978
2763
2849
2926
3024
2810
2839
3182
2840
3181
2750
3029
2746
2927
2974
2975
3128
2794
2888
2892
2939
2940
2941
2928
2846
2847
3046
2862
3130
3043
3044
3101
2779
2778
2742
2997
2999
2745
2995
2747
2791
2962
3058
2750
3029
2811
2820
3183
3089
2762
3172
2859
2871
2781
2961
2782
2960
3128
2790
2789
2959
2961
2960
3034
3035
2795
3027
2837
2855
3065
2797
2968
3155
2806
3009
2821
3118
3181
2869
2870
2815
3154
2914
2965
2834
2873
3037
3182
3118
3079
3125
3179
2832
3067
2953
3069
3183
3181
2903
3086
3022
3118
2895
2847
3194
3146
2860
2956
3084
2977
3161
2874
2955
2987
2883
2987
2901
2926
3039
2901
2978
3095
3125
3000
3002
3001
3007
3085
3020
3023
3061
2887
2979
2899
2949
2900
2950
3193
3011
3147
2954
2949
2950
2905
2976
3042
3119
3097
3098
3099
2970
2963
2936
2972
3036
2935
2988
2996
3089
3145
3058
3069
2980
3067
3068
3184
2958
3190
2966
3186
3052
3152
3190
3150
3178
3095
3189
3067
3069
3178
3109
3171
3104
3115
3170
3105
3157
3168
3102
3108
3169
2992
2991
3116
3117
2994
3017
3087
3034
2999
3035
3059
3123
3012
3006
3008
3010
3136
3060
3138
3154
3033
3087
3136
3175
3041
3137
3178
3096
3159
3158
3143
3144
3050
3049
3059
3088
3151
3083
3148
3185
3074
3078
3077
3136
3151
3091
3132
3133
3125
3179
3171
3174
3195
3108
3122
3194
3121
3193
3127
3115
3182
3140
3135
3134
3154
3143
3146
3188
3191
3160
3190
3192
3157
3189
3167
3196
3176
3189
3183
3187
3192
3196
)


// ************************************************************************* //
